  2.99624908e+00   4.46093213e-01   3.69250164e+00 
  8.26844963e-01  -6.39456382e-01   2.46328236e+00 
  1.17053528e+00  -3.82882125e-02  -3.68331883e-01 
  5.91254901e-02   8.27952478e-01   6.88646734e-01 
 -3.20227501e-01   2.95170647e+00  -1.91497120e-01 
  4.23425243e-01  -2.46530396e+00   1.24283915e+00 
  1.84798065e+00  -1.92506933e+00  -1.16310403e+00 
  1.04639808e-01  -3.41701653e+00  -2.10677907e+00 
 -1.42401453e+00  -4.19799727e+00  -2.78615650e-01 
  2.82591809e-01  -7.34966107e-01  -2.49767509e+00 
  1.02181931e+00   4.17446370e-01  -5.95216413e-02 
 -2.53545847e-01  -1.52552400e+00  -8.72858846e-02 
 -2.15189141e+00  -1.12073113e+00  -1.16325769e+00 
 -4.25661204e-01  -2.71362464e+00  -2.45648255e+00 
 -2.29555531e+00  -8.60564370e-01  -3.48187233e+00 
 -2.50789996e+00  -1.60292465e+00  -1.22107729e+00 
 -8.22354315e-01  -1.18835717e+00  -8.67811470e-01 
 -2.00333463e+00   1.09897848e-01  -1.10286868e+00 
  6.71798144e-01  -4.93186166e-01  -3.21612558e+00 
  2.67149792e+00  -5.67549228e-01  -1.29316445e+00 
  2.44406524e+00   1.29878627e+00  -2.79512652e+00 
  8.44314937e-01   1.67872525e+00  -2.21585644e+00 
  1.61660157e+00   2.49393739e+00  -1.25580041e-01 
  3.10997395e+00   1.56701928e+00  -2.33936243e-01 
  4.16017363e+00   3.12573779e+00  -1.62425931e+00 
  2.78930636e+00   4.22853662e+00   5.29709578e-01 
  4.83128932e+00   5.13332039e+00   5.08434776e-01 
  2.39665604e+00   1.16726921e+00  -4.42797845e+00 
  4.63864348e+00  -3.98543610e-01  -3.81267149e+00 
  1.97191973e+00  -9.44426942e-01  -5.21082505e+00 
  5.19202237e+00  -1.93580491e+00  -6.54170521e+00 
  1.72775665e+00  -3.27627295e+00  -4.44447288e+00 
  2.43377719e+00  -5.66510188e+00  -4.79745907e+00 
  1.05154911e+00  -6.07132085e-01  -2.92491076e+00 
  1.15576351e+00  -3.00564726e+00  -1.53902446e+00 
 -6.67130746e-01  -6.03976015e-01  -1.25419877e+00 
 -9.35534953e-01  -2.09534476e+00  -3.79788789e-01 
 -1.12015644e+00  -3.34793830e+00  -2.48873780e+00 
 -7.18877719e-01  -1.92040072e+00  -3.40640684e+00 
  3.58310136e-01  -3.00095781e+00  -1.81582894e+00 
 -3.85479752e-01  -1.42248234e+00  -6.19826171e-02 
 -1.00830165e-01  -5.78974041e-01  -1.56108096e+00 
 -1.26808973e+00   2.89735733e-01   1.54232607e+00 
  7.31985604e-01   1.06237802e+00   5.51914196e-01 
  1.20039914e+00   3.78166059e+00  -1.58611876e+00 
  1.45908746e+00  -1.53689498e+00  -3.74493395e+00 
  2.95663203e+00  -1.66591443e+00  -1.95347032e+00 
  2.45562177e+00   6.16600689e-01  -2.59187461e+00 
  4.78805856e+00   2.39660223e+00  -1.61562300e+00 
  4.80758233e+00   2.24859383e+00   1.18601947e-01 
  7.77525709e-01  -3.67122402e+00  -2.89555942e+00 
  2.38801362e-01  -8.42554556e-01  -3.52112244e+00 
  2.66243923e+00  -2.11177808e+00  -2.26857230e+00 
  4.50139514e+00  -2.56119757e+00  -4.20117332e+00 
  1.34880305e+00  -3.95577864e+00  -4.59698516e+00 
  2.83522443e-01  -6.62633232e+00  -4.40235937e+00 
 -3.96246782e-01  -3.91086255e+00  -3.14335440e+00 
 -1.49591818e+00  -5.27963839e+00  -3.00353157e+00 
  1.35203138e+00  -5.09314959e+00  -1.97365725e+00 
 -9.12025502e-02  -5.29874611e+00  -1.01740115e+00 
 -1.64489530e+00  -7.17221556e+00  -1.17935917e+00 
 -1.68700653e+00  -7.68675754e+00  -2.87418949e+00 
 -1.21008186e+00  -8.85120546e+00  -1.61430497e+00 

   9.116640137971e-06 

 -1.21985845e+00  -3.91202687e+00  -3.50327661e+00 
 -2.61633625e-01  -1.37245782e+00  -3.39647133e+00 
 -1.80927703e+00  -4.97059511e-02  -1.31420893e+00 
 -2.08210261e+00   1.89843699e-01  -3.03785889e+00 
 -4.28210278e+00   8.73403878e-01  -3.37089465e+00 
  1.10160153e+00  -2.25190165e-01  -2.04936843e+00 
 -4.31813080e-01  -2.56489894e-02   3.45786379e-01 
  9.29544873e-01   2.02976708e+00   6.19320562e-01 
  2.51393777e+00   2.26379966e+00  -1.31426217e+00 
 -1.72126260e+00   1.94543379e+00   3.24492165e-02 
 -2.10546358e+00  -1.38286565e-01  -1.79147331e+00 
 -9.92897799e-02   1.03848862e+00  -1.77360897e+00 
 -5.16866016e-01   3.18039990e+00  -2.18137309e+00 
  2.50646724e-01   2.62064288e+00   3.26898223e-01 
 -1.50230268e+00   4.62091790e+00  -6.25949977e-01 
 -3.04809336e-02   3.53163112e+00  -2.16040363e+00 
 -5.76908689e-01   1.93074257e+00  -1.63474263e+00 
 -1.66639273e+00   2.94778919e+00  -2.59080823e+00 
 -2.24475728e+00   2.03110358e+00   6.97316890e-01 
 -1.86985900e+00  -7.02920410e-01   4.03102808e-01 
 -4.06296918e+00   2.35840056e-01   7.20050933e-01 
 -3.96222061e+00   1.17944680e+00  -7.42327254e-01 
 -4.15847419e+00  -7.07049967e-01  -2.16809204e+00 
 -3.57734649e+00  -1.80280139e+00  -9.18024540e-01 
 -5.65760547e+00  -1.94939303e+00   1.38455804e-01 
 -5.74642504e+00  -2.14732165e+00  -2.63441743e+00 
 -6.93924269e+00  -3.83917743e+00  -1.81228934e+00 
 -4.47165494e+00   1.22667913e+00   1.96006432e+00 
 -3.18312762e+00  -8.56911195e-01   3.32210038e+00 
 -2.69700897e+00   2.15420816e+00   3.07487427e+00 
 -2.74504978e+00   3.66539967e-01   6.22527061e+00 
 -2.36466101e-01   2.05137876e+00   3.21455145e+00 
  1.75148267e+00   1.82743898e+00   4.74002491e+00 
 -2.10512561e+00   1.56031781e+00   7.33089640e-01 
  5.64289042e-01   8.20180864e-01   6.29013368e-01 
 -1.27393422e+00   1.99222163e+00  -1.47319947e+00 
  4.45002238e-01   1.79582464e+00  -1.73318045e+00 
  9.44451334e-01   3.24181744e+00   1.93058932e-01 
 -7.51283417e-01   3.35904135e+00   5.82632487e-01 
  6.00076369e-01   1.63057653e+00   3.89536967e-01 
 -1.66056047e-01   1.12635644e+00  -1.90823620e+00 
 -1.49191761e+00   1.70910524e+00  -9.36757265e-01 
 -1.08364147e+00   8.13968009e-01  -4.22012814e+00 
 -2.45719184e+00  -2.89550745e-01  -2.64728944e+00 
 -5.76749365e+00   3.97749911e-01  -1.77845647e+00 
 -1.57818643e+00   1.75907352e+00   1.91110693e+00 
 -1.11478145e+00  -4.87587661e-01   1.45725697e+00 
 -3.36379937e+00   1.50726592e-01   8.22503045e-01 
 -5.08177184e+00  -2.41908173e+00   7.46811716e-01 
 -4.37472556e+00  -3.42986545e+00  -4.81251754e-01 
  7.98245324e-01   1.95190096e+00   1.67279080e+00 
 -1.94855833e+00   2.57918808e+00   8.10009487e-01 
 -7.55314862e-01  -3.90877141e-02   1.69018641e+00 
 -1.27822233e+00  -3.88344322e-01   4.32141142e+00 
  4.07399870e-01   2.48942884e+00   3.36409051e+00 
  3.12956682e+00   3.40228467e+00   3.59380437e+00 
  1.13255507e+00   3.06568897e+00   1.28989223e+00 
  2.63069310e+00   3.96512429e+00   1.07146642e+00 
  2.32908014e+00   1.03888844e+00   1.82182589e+00 
  3.07342999e+00   1.67258366e+00   3.78215888e-01 
  5.01471260e+00   3.15044704e+00   3.16579701e-01 
  4.94171456e+00   4.19317777e+00   1.74932951e+00 
  6.36040536e+00   3.14102197e+00   1.49298509e+00 

   8.983868909889e-06 

 -2.79037015e+00  -1.45178916e+00  -2.64506285e+00 
 -8.25337994e-01  -1.41526501e+00  -7.48490473e-01 
 -1.94906008e+00  -2.73514837e+00   1.58911774e+00 
 -1.81496212e+00  -1.00796622e+00   1.41041123e+00 
 -3.29167627e+00   4.87581821e-02   2.86646427e+00 
  7.00413914e-01  -2.77139301e+00   1.53418473e-01 
 -1.33325011e-01  -1.26724129e+00  -2.14471894e+00 
  1.25537120e+00   4.99709901e-01  -1.03726764e+00 
  1.66302760e+00  -2.40982843e-01   1.34441441e+00 
 -1.04098723e+00  -5.01785535e-01  -5.90403489e-02 
  4.68824854e-01   1.79884768e+00   5.37978255e-01 
  7.57560800e-01  -2.22280418e+00  -8.58849001e-01 
  2.99348260e+00  -2.35807250e+00  -7.86639609e-01 
  1.72798048e+00  -3.02594713e+00   1.45124686e+00 
  2.03430081e+00  -3.05183066e-01   2.15854304e+00 
  1.38367344e+00  -1.85753489e+00   3.81859474e+00 
  3.04948491e-02  -2.46085239e+00   2.81475367e+00 
 -6.22095654e-02  -8.65376483e-01   3.57028309e+00 
  1.80050414e-01  -1.45632413e+00   9.95678802e-02 
 -6.81325779e-01   5.61249462e-01   1.85531594e+00 
 -1.98277046e+00  -1.71733824e-01  -6.06107685e-02 
 -7.14900682e-01   3.82580418e-01  -1.15162833e+00 
 -1.17928087e+00   2.65663037e+00  -7.70678427e-01 
 -1.94657127e+00   2.36042127e+00   7.64064029e-01 
 -3.98241215e+00   1.72633952e+00  -1.39753152e-01 
 -2.82539014e+00   3.98803065e+00  -1.36411517e+00 
 -4.94070855e+00   4.47476881e+00  -7.56563544e-01 
 -1.94549060e+00  -2.01814763e+00  -1.50037498e+00 
 -1.40917299e+00  -2.72971202e+00   1.16010472e+00 
 -2.30496735e+00  -1.49672013e-01  -2.19471734e-01 
 -3.89594358e+00  -1.61742045e+00   2.74074806e+00 
 -1.09385637e+00   1.31596631e+00   1.38767338e+00 
 -1.77174530e+00   2.75054685e+00   3.36474316e+00 
 -7.25730428e-01  -1.73437777e+00   8.64006871e-01 
  5.06709293e-01  -6.20977477e-01   3.04274296e+00 
  1.35722547e+00  -2.83067663e+00   1.15851172e+00 
  2.45219796e+00  -2.17527832e+00   2.34580550e+00 
  2.18525328e+00   1.12564818e-01   1.39989622e+00 
  1.01720959e+00  -4.72593800e-01   2.48243960e-01 
 -1.08677528e-02  -2.38855508e+00   3.40720284e+00 
 -2.27699155e+00  -2.39529582e+00   2.40577351e+00 
 -1.09011709e+00  -2.07927545e+00   1.16870342e+00 
 -4.44686143e+00  -2.52463086e+00   1.10161064e+00 
 -3.35307915e+00  -5.11256587e-01   6.46237203e-01 
 -1.92054048e+00   9.13136187e-01  -2.15729629e+00 
  1.57659574e+00  -1.20715968e+00   1.62450611e+00 
  1.31342432e-01  -7.90097822e-01  -1.72315779e-01 
 -1.73533541e-01   7.41666012e-01   1.67740754e+00 
 -2.25272873e+00   2.84419818e+00   7.94332824e-01 
 -3.74408257e+00   2.05193795e+00   4.51424156e-01 
  7.74479607e-01   9.79484606e-01   2.29983233e+00 
  1.95315576e+00  -5.37197282e-01   1.09370361e-01 
 -2.40425812e-01  -1.28887831e+00   2.07979736e+00 
 -2.58251900e+00  -8.87674316e-01   7.26964482e-01 
 -4.01312066e-01   1.82189544e+00   1.23066929e+00 
  1.39946661e+00   3.87565982e+00   2.20737203e+00 
  1.63557892e+00   9.21369791e-01   1.52745353e+00 
  3.09236334e+00   1.87448916e+00   1.77598762e+00 
  8.75982236e-01   1.32759672e+00   3.77670919e+00 
  2.54615288e+00   8.50502991e-01   3.91785850e+00 
  4.44825503e+00   2.40877852e+00   3.96571657e+00 
  4.03111857e+00   3.78130734e+00   2.91468710e+00 
  4.41723833e+00   4.06703886e+00   4.63195725e+00 

   1.369689285795e-02 

 -1.77018374e+00   4.39937158e+00  -5.31597901e+00 
 -1.84112975e+00   1.76225980e+00  -5.95502921e+00 
 -1.84530498e-01   4.38276095e-01  -3.95415021e+00 
  3.40392654e-01   7.54386821e-01  -5.60561697e+00 
  2.66586981e+00   8.51568826e-01  -5.65815282e+00 
 -2.89257893e+00  -4.70524865e-02  -5.16890498e+00 
 -3.68300143e+00  -3.37992574e-02  -2.43136635e+00 
 -3.98171522e+00  -2.45690515e+00  -2.86997697e+00 
 -3.48509081e+00  -2.93978092e+00  -5.27455427e+00 
 -1.67361524e+00  -1.08126183e+00  -3.14887637e+00 
  1.13170209e-01   7.33888249e-01  -4.32826726e+00 
 -2.79131804e+00  -1.96150718e+00  -5.34207633e+00 
 -1.57712866e+00  -5.10263553e-01  -4.17936388e+00 
 -1.42762504e+00  -3.04895728e+00  -3.35152961e+00 
  9.77807579e-01  -4.12922341e+00  -4.36575678e+00 
 -5.88315038e-01  -3.14519822e+00  -5.87779744e+00 
 -6.58063751e-01  -1.65453768e+00  -4.92345361e+00 
  8.03785414e-01  -2.02102071e+00  -5.85303139e+00 
  6.79593665e-01  -1.88352312e+00  -2.39589073e+00 
 -5.36218071e-01   5.99284370e-01  -2.15206632e+00 
  1.79275364e+00   2.87888981e-01  -1.63750129e+00 
  2.17199455e+00  -2.19010545e-01  -3.26177587e+00 
  1.89487008e+00   1.95153179e+00  -4.17950303e+00 
  8.51015258e-01   2.45740673e+00  -2.85454300e+00 
  2.64029257e+00   2.91500548e+00  -1.41803283e+00 
  2.96162202e+00   3.86149742e+00  -4.01365027e+00 
  3.42431574e+00   5.54683812e+00  -2.63366288e+00 
  2.36210144e+00  -8.34322833e-01  -5.87801589e-01 
  3.18971113e-01   3.40166995e-01   9.29774221e-01 
  8.79603138e-01  -2.50057096e+00  -6.03053828e-02 
 -1.11747765e-02  -1.68982065e+00   3.35616001e+00 
 -1.47757057e+00  -3.15759435e+00  -3.70764086e-01 
 -3.58366694e+00  -3.93813482e+00   7.59368487e-01 
  3.89590259e-01  -1.50221311e+00  -2.28489774e+00 
 -2.34541450e+00  -1.57061297e+00  -2.73104157e+00 
 -1.64654378e-03  -1.55225842e+00  -4.64911430e+00 
 -1.64933241e+00  -1.80065514e+00  -5.18227408e+00 
 -1.85750994e+00  -3.78941162e+00  -3.74970751e+00 
 -2.73076672e-01  -3.50799604e+00  -3.07781282e+00 
 -2.08718441e+00  -2.25681350e+00  -3.14365624e+00 
 -1.27674455e+00  -9.58366512e-01  -5.08749960e+00 
  4.92137710e-02  -1.36942655e+00  -4.03254429e+00 
 -2.60410563e-01   2.12051771e-01  -7.05768289e+00 
  4.90522486e-01   1.20395096e+00  -5.05008533e+00 
  3.72413012e+00   1.29843583e+00  -3.73853392e+00 
 -1.72107170e-01  -2.14874807e+00  -1.30051385e+00 
 -1.29042731e+00  -1.01658826e-01  -1.33005896e+00 
  1.09852689e+00   1.36173826e-01  -1.65356755e+00 
  1.87200967e+00   3.01911378e+00  -8.47367271e-01 
  1.01001085e+00   4.06738751e+00  -1.93725847e+00 
 -2.31018500e+00  -2.95439998e+00  -2.02236462e+00 
  5.67006562e-01  -2.49926270e+00  -2.46651814e+00 
 -1.51082676e+00  -6.78901560e-01  -1.27358417e+00 
 -1.42347603e+00  -9.12970044e-01   1.42017833e+00 
 -1.95211435e+00  -3.78882275e+00  -4.48309765e-01 
 -4.22680139e+00  -5.48471290e+00  -9.41985177e-01 
 -2.21354630e+00  -3.97549719e+00  -2.69710205e+00 
 -3.29886779e+00  -5.17782820e+00  -3.38536007e+00 
 -4.06102401e+00  -2.60297126e+00  -1.97210891e+00 
 -4.39066859e+00  -3.01542409e+00  -3.63369281e+00 
 -5.71970732e+00  -4.92057733e+00  -4.38526738e+00 
 -5.46452476e+00  -6.24095199e+00  -3.23145355e+00 
 -7.11260970e+00  -5.62559831e+00  -3.51330676e+00 

   8.390469511717e-06 

  2.35553387e+00   4.42999480e+00   2.26635879e+00 
  2.00575238e+00   3.60171986e+00  -2.98186033e-01 
  8.34743926e-01   9.43550927e-01  -9.81497326e-02 
  2.52590356e+00   1.24145353e+00  -4.90616513e-01 
  3.77924210e+00  -6.31330638e-01   9.95317438e-02 
  2.79736985e-01   3.42459796e+00  -1.70466330e+00 
 -1.24175006e+00   1.32081811e+00  -5.41561737e-01 
 -1.94480762e+00   9.95465513e-01  -2.90270850e+00 
 -8.33402091e-01   2.72608540e+00  -4.35100248e+00 
 -3.14308165e-01  -6.49879702e-01  -1.49257387e+00 
  1.38442126e+00   9.56998316e-01   4.04132234e-02 
  6.03809497e-01   1.71880565e+00  -2.01210420e+00 
  1.26516117e+00   3.15768129e-01  -3.60000422e+00 
 -1.36198077e+00   2.75130695e-01  -3.06391736e+00 
  3.43823264e-01  -1.81054468e+00  -3.91351199e+00 
  1.06384746e+00   4.55108288e-01  -4.14958616e+00 
  7.23773941e-01   7.99480804e-01  -2.44562508e+00 
  2.10163654e+00  -2.31230382e-01  -2.86340146e+00 
 -6.93975719e-01  -1.32481623e+00  -1.13885636e+00 
 -7.39490089e-01   6.47332761e-01   8.13208380e-01 
 -6.00802270e-02  -1.60297119e+00   1.32086167e+00 
  1.27874400e+00  -1.54243456e+00   2.06000382e-01 
  2.54721132e+00  -5.79023762e-02   1.55411902e+00 
  1.10923716e+00   5.40623562e-01   2.37572454e+00 
  1.01170808e+00  -1.27241405e+00   3.85226848e+00 
  3.55288117e+00  -1.91107082e-01   3.49945802e+00 
  3.20701449e+00  -3.70466250e-01   5.69212394e+00 
 -9.60093819e-01  -2.93292075e+00   9.92797150e-01 
 -2.85210197e+00  -1.28851759e+00   2.24701091e+00 
 -2.65742842e+00  -2.60025960e+00  -5.10833969e-01 
 -5.59917125e+00  -2.75432750e+00   1.59758541e+00 
 -3.81358400e+00  -8.10394355e-01  -1.75342244e+00 
 -6.03835387e+00   1.98370907e-01  -2.35791877e+00 
 -8.11874441e-01  -9.62774729e-01  -8.27541099e-01 
 -1.87001677e+00   1.43978525e+00  -1.71759576e+00 
  8.69185621e-01   1.99696556e-01  -2.07965879e+00 
  3.78571872e-01   1.65430064e+00  -2.91918803e+00 
 -1.49557514e+00   4.62771707e-01  -3.97682984e+00 
 -1.13656525e+00  -9.76717716e-01  -3.06030834e+00 
 -1.62104794e+00   1.08393853e+00  -2.43917085e+00 
  7.53632941e-01   1.66989514e+00  -2.07066251e+00 
  4.57398680e-01   1.15879652e-02  -1.61956749e+00 
  3.21579771e+00   2.03990177e+00  -1.77845158e+00 
  2.29761963e+00   1.10720729e+00   1.87558229e-01 
  2.92611749e+00  -2.01152656e+00   1.62401048e+00 
 -2.08857329e+00  -1.12945954e+00  -1.03960766e+00 
 -1.99819156e+00   6.80344809e-01   4.34200440e-01 
 -4.48966189e-01  -1.08527221e+00   1.02670212e+00 
  1.91670537e-01  -7.99161388e-01   4.03798966e+00 
  9.54597861e-01   7.54961781e-01   4.21813359e+00 
 -2.85143691e+00   5.65492990e-01  -2.55175357e+00 
 -8.89223651e-01  -1.47040426e+00  -1.72251436e+00 
 -2.33451480e+00   5.95283528e-01  -7.99492024e-02 
 -4.52451776e+00  -5.50200145e-01   1.02032412e+00 
 -4.19274387e+00  -6.54640329e-01  -2.43191857e+00 
 -5.48284286e+00   7.00693866e-01  -4.62517663e+00 
 -2.57924936e+00   2.97819284e-01  -3.71632767e+00 
 -2.95223762e+00   9.39248908e-01  -5.31231201e+00 
 -3.67439666e+00   2.15060708e+00  -2.62529402e+00 
 -2.63806164e+00   2.85130435e+00  -3.83964647e+00 
 -3.29793630e+00   3.41729920e+00  -6.11976737e+00 
 -4.51179378e+00   2.23142988e+00  -6.63361356e+00 
 -4.92724184e+00   3.96438335e+00  -6.61310097e+00 

   8.810315944835e-06 

 -4.14693522e+00   4.39935149e+00   3.92609851e+00 
 -3.51820210e+00   3.05447852e+00   1.65159024e+00 
 -1.13048281e+00   1.51719374e+00   2.29536479e+00 
 -1.11019139e+00   3.00254707e+00   1.34873298e+00 
  9.94114449e-01   3.98352805e+00   1.52691920e+00 
 -3.74131316e+00   9.60417788e-01   9.10402637e-01 
 -1.92320836e+00  -4.72690747e-01   2.57145502e+00 
 -1.85454158e+00  -1.97170371e+00   5.93812199e-01 
 -3.39193822e+00  -1.09079273e+00  -1.18735548e+00 
  1.43420772e-01  -3.25390603e-01   1.40814621e+00 
 -1.03128278e+00   2.07034802e+00   2.24279516e+00 
 -2.02216308e+00   8.15763511e-01   5.53483154e-01 
 -5.89066685e-01   6.14113062e-01  -1.12933226e+00 
 -1.03541171e+00  -1.63362414e+00   2.60171558e-01 
  1.30247624e+00  -7.59058737e-01  -1.06313395e+00 
 -7.88189479e-01   2.73507533e-01  -1.58302067e+00 
 -1.11575298e+00   5.99997844e-01   1.26898303e-01 
  1.43462843e-01   1.52486182e+00  -7.06414358e-01 
  7.47246955e-01  -6.90135635e-01   1.88616421e+00 
 -1.10568996e+00   3.11543090e-01   3.69316734e+00 
  1.25302946e+00   6.62192329e-01   3.99442790e+00 
  1.40485140e+00   1.53415409e+00   2.49254464e+00 
  2.56356019e-01   3.44806152e+00   3.29766913e+00 
 -5.72674687e-01   2.51749788e+00   4.54177876e+00 
  1.24881347e+00   2.56474184e+00   6.00837331e+00 
  6.70943505e-01   4.99945452e+00   4.79257188e+00 
  8.74339944e-01   5.37894233e+00   6.97670896e+00 
  2.36698062e+00  -5.40699833e-01   4.02036416e+00 
  4.42892387e-01  -1.53591130e+00   5.79921347e+00 
  1.64243317e+00  -2.54174891e+00   3.16982386e+00 
  1.31526161e+00  -4.57446143e+00   6.15050630e+00 
 -3.92482212e-01  -3.66802791e+00   2.34826052e+00 
 -1.84132428e+00  -5.71923468e+00   2.50562788e+00 
  3.83653291e-01  -6.23439701e-01   2.21023214e+00 
 -2.21696248e+00  -1.41896593e+00   1.67360826e+00 
 -4.84792586e-01   7.35820076e-01   4.37279493e-01 
 -2.04350980e+00   2.93257076e-01  -2.19611801e-01 
 -1.28987191e+00  -2.02391718e+00  -5.56503193e-01 
  2.32292922e-01  -1.67367189e+00   2.18993476e-01 
 -1.85251305e+00  -1.50251923e+00   9.18737572e-01 
 -1.94938660e+00   9.24542436e-01   4.52216696e-01 
 -3.61602572e-01   4.74738328e-01   1.01480657e+00 
 -1.82272122e+00   3.36432154e+00  -1.09643895e-01 
 -9.96661106e-01   2.99126101e+00   2.07131857e+00 
  2.24717089e+00   3.43469838e+00   3.28219421e+00 
  2.89282793e-01  -1.90266368e+00   2.44480489e+00 
 -1.40115457e+00  -9.66487185e-01   3.75779042e+00 
  6.57361610e-01   3.08166477e-01   3.83638782e+00 
  6.36571417e-01   1.96328134e+00   6.44789723e+00 
 -7.29375022e-01   3.03492180e+00   6.32304738e+00 
 -1.58763206e+00  -2.77521779e+00   1.23761498e+00 
  8.27919489e-01  -1.09597798e+00   1.40479733e+00 
 -1.40409431e+00  -1.46498171e+00   3.38872509e+00 
 -6.60352270e-01  -3.34115849e+00   5.19028137e+00 
 -6.49121337e-01  -4.21334846e+00   1.83190037e+00 
 -2.32039765e+00  -5.86760854e+00   1.67912296e-01 
 -1.32726343e+00  -2.96775274e+00   5.74152689e-02 
 -2.10085793e+00  -3.71815884e+00  -1.33422810e+00 
 -3.30586257e+00  -3.24383760e+00   1.41074046e+00 
 -3.84629969e+00  -2.55630386e+00  -9.75312344e-02 
 -4.63502142e+00  -3.82229880e+00  -2.03286768e+00 
 -3.72582909e+00  -5.34359665e+00  -2.08763836e+00 
 -5.50271031e+00  -5.38400929e+00  -1.97127660e+00 

   8.997769070429e-06 

 -2.31809058e+00   8.05398317e-02   3.44496185e+00 
 -7.79471972e-01   2.83941309e-01   1.19740036e+00 
 -6.34494116e-01   3.13167164e+00   5.93710421e-01 
 -1.68996193e+00   2.01356288e+00  -2.24153984e-01 
 -3.42480003e+00   3.17874002e+00  -1.24902197e+00 
  1.29881342e+00   8.20004943e-01   5.88272485e-01 
 -4.19494483e-01  -1.08705103e+00   1.87269708e+00 
 -5.00394065e-01  -2.02752363e+00  -4.48118893e-01 
  3.92546905e-01  -2.55630913e-01  -2.01349969e+00 
 -1.49013856e+00   3.62478361e-01   2.87624325e-01 
 -1.89332114e+00  -1.27392368e+00  -1.96818018e+00 
  9.51524347e-01  -1.92415523e-01   1.04049380e+00 
  2.70846949e+00  -1.22355260e+00   1.06245983e-01 
  2.29545473e+00   1.28113023e+00  -6.75800996e-01 
  7.50191217e-01   1.24436233e-01  -2.74234456e+00 
  1.37439822e+00   2.39854309e+00  -2.90985018e+00 
  7.18114320e-01   2.76424427e+00  -1.28553184e+00 
 -3.75034192e-01   2.45371129e+00  -2.63963062e+00 
  3.33570814e-02   3.47057661e-01   1.60685141e-01 
 -1.86673755e+00   8.75871428e-01  -1.84067969e+00 
 -2.44090925e+00   6.76301505e-01   5.11417032e-01 
 -1.91485457e+00  -1.00546718e+00   5.11561449e-01 
 -3.75409437e+00  -1.73309465e+00  -7.61191728e-01 
 -4.05727391e+00  -1.56216559e-01  -1.43458515e+00 
 -5.19719140e+00   6.44684847e-01   4.15492908e-01 
 -5.89448298e+00  -1.98539703e+00  -3.25752736e-01 
 -7.76706028e+00  -7.42634875e-01  -1.53435792e-01 
 -1.25684062e+00   6.97092995e-01   2.52844417e+00 
 -2.62495524e-01   2.56655907e+00   6.87765078e-01 
 -2.70537171e+00   7.25295038e-01   7.50255691e-01 
 -2.78440814e+00   4.30525974e+00  -4.09688894e-02 
 -2.69761483e+00   3.70587153e-01  -1.71382201e+00 
 -4.06365448e+00   1.25911144e+00  -3.65568246e+00 
 -4.24651992e-01   1.47737548e+00   1.08244597e-01 
 -1.40641213e-01   1.67954499e+00  -2.60903176e+00 
  1.87226209e+00   1.18091747e+00  -4.05319998e-01 
  2.31106172e+00   1.04488699e+00  -2.08672594e+00 
  5.50757855e-01  -6.76959583e-01  -2.45682856e+00 
  1.25776917e-02  -5.17235252e-01  -8.08232262e-01 
  6.62694640e-01   3.14578572e+00  -1.74685890e+00 
 -1.07182729e+00   3.66355428e+00  -5.53054510e-02 
 -4.52528182e-01   2.05624187e+00   2.12885144e-01 
 -2.66737647e+00   3.99679574e+00   1.88608524e+00 
 -3.20717694e+00   2.04150233e+00   7.27352553e-01 
 -3.21301550e+00  -1.32919691e+00   1.48792081e+00 
  9.81375720e-01   5.02211626e-01  -1.68692244e+00 
 -4.57599413e-01  -1.63225484e-01   3.86692899e-02 
 -1.61610490e+00   3.96895098e-01  -2.01186653e+00 
 -4.60505962e+00  -2.37508666e-01  -1.58009326e+00 
 -5.20773447e+00   7.37802841e-01  -2.93639635e-01 
 -1.03585005e+00   1.84190887e-01  -2.99481740e+00 
  7.48279060e-01  -1.06117942e+00  -1.05744618e+00 
 -3.01015412e-01   1.78977716e+00  -1.23250255e+00 
 -2.38012491e+00   1.89462025e+00   5.40338195e-01 
 -2.52274194e+00  -3.66594979e-01  -2.14570919e+00 
 -2.49311027e+00  -1.76728494e+00  -4.68751203e+00 
 -3.90157711e-01  -7.43014859e-01  -2.74424521e+00 
  7.84245966e-02  -1.84771486e+00  -4.02748267e+00 
 -1.12291692e+00   9.22771704e-01  -4.32202735e+00 
  4.47724298e-01   4.05406834e-01  -4.87196466e+00 
  8.43287015e-01  -1.38673140e+00  -6.50182819e+00 
 -4.17512560e-01  -2.61678291e+00  -6.24258859e+00 
 -2.38672664e-01  -1.84847194e+00  -7.84618566e+00 

   1.369628576028e-02 

  2.60112412e+00  -1.54945050e+00   7.67648951e+00 
  1.06428627e+00   3.80811515e-01   6.53357565e+00 
  2.61077294e+00   1.35500358e+00   4.26830876e+00 
  2.45557891e+00   2.22707146e+00   5.79089210e+00 
  4.28916881e+00   3.63816774e+00   6.04525209e+00 
 -2.41812984e-01   5.25131017e-01   4.73594056e+00 
  1.63872964e+00   3.88955016e-01   2.59220231e+00 
 -1.22019535e-01   1.69882656e+00   1.43623513e+00 
 -2.06963687e+00   2.04620572e+00   2.98218986e+00 
  2.28296480e+00   2.65255610e+00   2.26218367e+00 
  2.81233870e+00   1.53368383e+00   4.76838961e+00 
  6.19223067e-01   1.93097893e+00   4.11693725e+00 
  3.72458407e-01   4.10272399e+00   3.72323531e+00 
  3.09659838e-01   2.53288352e+00   1.55202855e+00 
  1.25133744e+00   5.18093786e+00   1.84013694e+00 
 -1.69072720e-01   4.25777874e+00   3.52463026e+00 
  8.68976354e-01   2.83295023e+00   3.69790327e+00 
  1.43865083e+00   4.39854908e+00   4.29773385e+00 
  2.89369604e+00   2.67507584e+00   1.67154773e+00 
  3.18641897e+00   2.18733057e-01   2.92970631e+00 
  5.07765978e+00   1.63752621e+00   2.49810889e+00 
  4.44579346e+00   2.93151370e+00   3.48064780e+00 
  4.82080067e+00   1.78392289e+00   5.52335540e+00 
  4.81010927e+00   2.12689318e-01   4.72822748e+00 
  7.03085848e+00   3.87398728e-01   4.01368037e+00 
  6.59462627e+00   1.15516748e+00   6.65099923e+00 
  8.32663571e+00  -2.45965108e-01   6.64800995e+00 
  5.45912679e+00   2.23153950e+00   1.02139085e+00 
  5.06128125e+00  -4.72726728e-01   4.11414604e-01 
  3.77134231e+00   2.13906419e+00  -5.26270487e-01 
  4.91833770e+00  -4.66885691e-01  -2.76609734e+00 
  1.50270838e+00   1.22814904e+00  -8.54393510e-01 
 -7.29463378e-03  -9.14528462e-02  -2.36853217e+00 
  2.88745651e+00   2.19788731e+00   1.79762489e+00 
  5.35400566e-01   7.35635707e-01   1.91403776e+00 
  1.54134930e+00   3.05017840e+00   3.58836573e+00 
 -8.40274161e-02   2.42057238e+00   3.73704252e+00 
 -5.37195604e-01   2.91575954e+00   1.37056530e+00 
  1.11397569e+00   3.42233528e+00   1.12946422e+00 
  2.45665728e-01   1.51898608e+00   1.83080803e+00 
  6.34559544e-01   2.07306917e+00   4.21075451e+00 
  1.93227392e+00   2.68755064e+00   3.22174161e+00 
  1.11447342e+00   2.84682455e+00   6.54646370e+00 
  3.01523562e+00   1.77810177e+00   5.64097493e+00 
  6.14018777e+00   3.14236828e+00   4.89401442e+00 
  2.57971908e+00   1.81141545e+00   5.88607203e-01 
  2.63486208e+00  -1.77148588e-01   1.79611631e+00 
  4.46118885e+00   1.30803033e+00   2.36816191e+00 
  6.72449837e+00  -4.13114688e-01   3.58257211e+00 
  6.05902527e+00  -1.13022691e+00   5.02226053e+00 
  2.36286400e-01   1.31857106e+00   5.05062567e-01 
  2.49179753e+00   3.02234408e+00   1.33714634e+00 
  2.22133786e+00   2.58158878e-02   1.38030347e+00 
  3.34233154e+00  -9.77312969e-01  -8.68255588e-01 
  8.11227216e-01   1.37020823e+00  -1.21799409e+00 
 -1.94941320e+00   1.25510318e+00  -2.03878893e+00 
 -4.45895207e-01   2.33854672e+00   4.07446725e-01 
 -2.13513076e+00   2.74032838e+00   1.26539345e-01 
 -9.44434635e-01  -1.73488372e-02   5.61958258e-01 
 -2.10524825e+00   7.88423875e-01   1.58318542e+00 
 -4.33375688e+00   1.51564031e+00   9.04501768e-01 
 -4.24282522e+00   2.00002212e+00  -7.99089508e-01 
 -5.36470711e+00   7.00431149e-01  -3.07984298e-01 

   7.889391423796e-06 

 -8.80192821e+00  -3.80906619e+00   2.72047129e+00 
 -6.61893714e+00  -4.59669878e+00   1.30797872e+00 
 -5.42858797e+00  -2.13305506e+00   2.95752878e-01 
 -6.38355520e+00  -3.23713161e+00  -6.90092164e-01 
 -7.29795529e+00  -2.06310123e+00  -2.48138038e+00 
 -4.41040470e+00  -4.61622874e+00   1.65299451e+00 
 -3.34018876e+00  -2.69614363e+00   3.47073482e+00 
 -1.21056639e+00  -3.41436552e+00   2.41762104e+00 
 -1.66274230e+00  -5.23805338e+00   7.61864104e-01 
 -3.32301021e+00  -2.34241879e+00   1.11905854e+00 
 -5.90909568e+00  -2.27196350e+00   3.64187299e-02 
 -2.80414478e+00  -4.85803468e+00   6.39093636e-01 
 -4.16711357e+00  -3.11823157e+00   8.48231314e-01 
 -1.71664516e+00  -2.54038897e+00  -5.23672990e-02 
 -1.90131343e+00  -2.23395268e+00  -2.85482686e+00 
 -2.67371407e+00  -4.25854501e+00  -1.84890725e+00 
 -3.69141984e+00  -3.36754118e+00  -7.05166779e-01 
 -4.15348095e+00  -3.42557348e+00  -2.41354304e+00 
 -3.20759091e+00  -5.40177419e-01  -7.51008823e-01 
 -4.91789385e+00  -7.71855939e-01   1.42226826e+00 
 -5.30359894e+00   8.53120063e-01  -3.09579825e-01 
 -5.46565881e+00  -3.72411396e-01  -1.53873571e+00 
 -7.57052785e+00  -1.12501915e+00  -7.42934781e-01 
 -7.26260502e+00  -5.01298457e-01   8.74830689e-01 
 -7.87094262e+00   1.68604262e+00   3.13190070e-01 
 -9.59284515e+00  -2.80732354e-01  -6.38732187e-01 
 -1.08423997e+01   1.26198409e+00   3.71120262e-01 
 -4.19636029e+00   1.95390170e+00  -8.02403349e-01 
 -4.08410183e+00   2.26501837e+00   1.98103951e+00 
 -2.04154534e+00   1.50187385e+00  -1.66007079e-01 
 -1.45136541e+00   4.00311843e+00   2.38713141e+00 
 -7.24663480e-01  -4.01807842e-02   1.23837202e+00 
  1.03720537e+00  -2.34793499e-01   3.02456248e+00 
 -3.41459651e+00  -5.67370163e-01  -3.03387157e-01 
 -2.53006237e+00  -2.37455037e+00   1.60342798e+00 
 -3.93086753e+00  -2.78574528e+00  -1.05001466e+00 
 -3.29285228e+00  -4.11445762e+00  -1.10297515e-01 
 -1.02874489e+00  -3.15931289e+00  -2.21154436e-01 
 -1.63350631e+00  -1.74199226e+00  -1.03753790e+00 
 -2.12884985e+00  -2.64422885e+00   9.10919947e-01 
 -4.14109853e+00  -3.77593621e+00   2.10340890e-02 
 -3.92830282e+00  -2.22125059e+00  -7.39725197e-01 
 -6.11910155e+00  -4.83270219e+00  -1.09929262e+00 
 -6.67084819e+00  -2.65697115e+00  -3.64456457e-01 
 -7.49963576e+00   1.46417998e-01  -2.27221133e+00 
 -2.35004015e+00  -7.27073417e-02   2.66842745e-01 
 -3.79187744e+00  -5.28177680e-01   2.04945888e+00 
 -4.93029699e+00   4.65903457e-01   1.56263814e-01 
 -7.52265850e+00   1.78573880e+00   1.20387944e+00 
 -8.47832167e+00   4.95312585e-01   1.87488346e+00 
 -1.10025671e+00  -1.86263738e+00   1.25455721e+00 
 -2.63677037e+00  -7.03665821e-01  -9.76746461e-01 
 -3.18500081e+00  -6.36368043e-01   1.98108027e+00 
 -2.21651867e+00   1.67974198e+00   2.98923245e+00 
 -2.01087229e-02  -4.01765614e-01   1.29123681e+00 
  2.13795578e+00  -2.14013747e+00   2.08591198e+00 
 -4.27917343e-01  -2.46418267e+00   4.30795305e-01 
  8.17494266e-01  -3.70953125e+00   4.33693179e-01 
 -7.88203812e-01  -2.70275462e+00   2.80478761e+00 
 -7.97155767e-01  -4.31923191e+00   2.15166084e+00 
  1.14075848e+00  -5.79647060e+00   1.99875872e+00 
  2.56822063e+00  -4.78740343e+00   1.70768264e+00 
  2.50819569e+00  -5.83514439e+00   3.14995469e+00 

   9.595721316548e-06 

 -9.60175141e-01  -2.76203385e+00  -4.06578993e+00 
 -1.91808488e-01  -2.03249651e+00  -1.56359194e+00 
 -9.14716156e-01   7.83391649e-01  -1.32916265e+00 
 -1.83165911e+00  -5.28763563e-01  -5.94138351e-01 
 -4.03156456e+00   1.65605050e-01  -2.83699316e-01 
  1.50848521e+00  -8.76500966e-01  -6.83237686e-01 
  9.86853060e-01   1.77674514e+00  -1.58518320e+00 
  2.22353964e+00   2.33687315e+00   4.91225435e-01 
  2.93956151e+00   2.31243172e-01   1.65236649e+00 
 -4.41899120e-01   2.67268128e+00   8.90378319e-02 
 -1.36066846e+00   4.37073415e-01  -1.31500425e+00 
  4.26326767e-01   2.30053026e-01   1.59583081e-01 
 -2.44507428e-01   8.26428054e-01   2.18892093e+00 
  1.44909551e+00   2.53274825e+00   1.00061521e+00 
 -6.52099437e-01   3.04180070e+00   2.81930280e+00 
  1.92514801e-01   8.17373215e-01   2.60502431e+00 
 -1.63235633e-02   8.47731793e-01   8.46266898e-01 
 -1.44601900e+00   7.63951069e-01   1.88761488e+00 
 -6.79506681e-01   3.45348222e+00  -1.54005983e-01 
 -2.79258958e-01   2.04555781e+00  -2.51187149e+00 
 -2.24238554e+00   3.39511616e+00  -2.17474981e+00 
 -2.75911230e+00   2.45234174e+00  -8.02452142e-01 
 -3.36403596e+00   5.70559724e-01  -2.11515064e+00 
 -2.28941117e+00   1.04829467e+00  -3.42587461e+00 
 -3.80549893e+00   2.59182446e+00  -4.31332364e+00 
 -4.92057897e+00   1.45119258e-01  -3.60162407e+00 
 -5.60332318e+00   6.11572561e-01  -5.67136385e+00 
 -2.21147905e+00   4.97757141e+00  -1.74490046e+00 
 -3.80890424e-01   4.94344066e+00  -3.86733258e+00 
 -2.06151406e-01   5.70778217e+00  -9.09417504e-01 
  1.04803834e+00   7.77329532e+00  -3.60831865e+00 
  2.12592857e+00   4.97893366e+00  -5.70902025e-01 
  4.55292197e+00   5.55956749e+00  -8.93042330e-01 
 -5.08732959e-01   3.26156688e+00  -5.73149416e-01 
  1.96273621e+00   2.01279747e+00  -7.03121355e-01 
 -6.00520587e-01   1.24120029e+00   7.13274305e-01 
  9.00991040e-01   3.75880979e-01   9.51981662e-01 
  2.00305673e+00   2.42431121e+00   1.75207120e+00 
  5.76453107e-01   3.36427120e+00   1.40238610e+00 
  1.85651530e+00   2.09905841e+00   1.30436191e-01 
  3.11209580e-01   1.71798216e-01   2.68725800e-01 
 -5.82008127e-01   1.66875507e+00   2.31456769e-01 
 -1.39051784e+00  -1.64603909e+00   5.58538430e-01 
 -1.99910661e+00  -2.46357986e-01  -1.24386613e+00 
 -4.77116040e+00   1.85489401e+00  -1.53646640e+00 
  4.10341603e-01   4.18230655e+00  -6.72817158e-01 
  8.03714096e-01   2.78742640e+00  -2.51077696e+00 
 -1.55226837e+00   3.22137375e+00  -2.15085684e+00 
 -3.01290302e+00   2.75303258e+00  -4.83550543e+00 
 -2.76391946e+00   1.07563763e+00  -5.22813818e+00 
  2.50451453e+00   3.26603168e+00   4.56391729e-02 
 -3.97119056e-01   3.66125053e+00   3.73193995e-01 
  1.19613390e+00   3.04040873e+00  -2.10266718e+00 
  1.72886764e+00   5.35739300e+00  -3.39361198e+00 
  2.75032008e+00   5.06134745e+00  -9.08090854e-02 
  5.29885938e+00   4.70949408e+00   1.20952186e+00 
  2.60202632e+00   3.24504447e+00   1.26538627e+00 
  3.84992069e+00   2.89993852e+00   2.45963739e+00 
  4.03079678e+00   2.54622393e+00  -5.49200698e-01 
  4.13449484e+00   1.29074286e+00   6.56060594e-01 
  5.81719480e+00   1.15052414e+00   2.42065196e+00 
  6.22730898e+00   2.80760884e+00   2.89785469e+00 
  7.50440123e+00   1.72685127e+00   2.28724212e+00 

   9.190817868242e-06 

