
===================  PERFORMANCE SUMMARY  =====================

 n_atoms   n_dist     f_err     derr_min    derr_avg    derr_max

    63       236    9.12e-06    0.00e+00    3.90e-05    3.45e-04 
    63       236    8.98e-06    0.00e+00    3.90e-05    3.42e-04 
    63       236    1.37e-02    0.00e+00    1.46e-03    1.55e-02 
    63       236    8.39e-06    0.00e+00    3.83e-05    3.27e-04 
    63       236    8.81e-06    0.00e+00    3.86e-05    3.38e-04 
    63       236    9.00e-06    0.00e+00    3.97e-05    3.36e-04 
    63       236    1.37e-02    0.00e+00    1.46e-03    1.55e-02 
    63       236    7.89e-06    0.00e+00    3.62e-05    3.43e-04 
    63       236    9.60e-06    0.00e+00    4.09e-05    3.46e-04 
    63       236    9.19e-06    0.00e+00    3.91e-05    3.57e-04 
